name: U22-2025
channels:
  - conda-forge
  - defaults
dependencies:
  - async-timeout=5.0.1=pyhd8ed1ab_1
  - brotli-python=1.1.0=py310h9e98ed7_2
  - bzip2=1.0.8=h2bbff1b_6
  - ca-certificates=2025.4.26=h4c7d964_0
  - certifi=2025.4.26=pyhd8ed1ab_0
  - cffi=1.17.1=py310ha8f682b_0
  - charset-normalizer=3.4.2=pyhd8ed1ab_0
  - h2=4.2.0=pyhd8ed1ab_0
  - hpack=4.1.0=pyhd8ed1ab_0
  - hyperframe=6.1.0=pyhd8ed1ab_0
  - icu=75.1=he0c23c2_0
  - idna=3.10=pyhd8ed1ab_1
  - krb5=1.21.3=hdf4eb48_0
  - libffi=3.4.4=hd77b12b_1
  - libpq=17.5=h9087029_0
  - openssl=3.5.0=ha4e3fda_1
  - pip=25.1=pyhc872135_2
  - psycopg2=2.9.10=py310hc8ee427_0
  - pycparser=2.22=pyh29332c3_1
  - pysocks=1.7.1=pyh09c184e_7
  - python=3.10.16=h4607a30_1
  - python-dotenv=1.1.0=pyh29332c3_1
  - python_abi=3.10=2_cp310
  - redis-py=6.2.0=pyhd8ed1ab_0
  - requests=2.32.3=pyhd8ed1ab_1
  - setuptools=78.1.1=py310haa95532_0
  - sqlite=3.45.3=h2bbff1b_0
  - tk=8.6.14=h0416ee5_0
  - tzdata=2025b=h04d1e81_0
  - ucrt=10.0.22621.0=h57928b3_1
  - urllib3=2.4.0=pyhd8ed1ab_0
  - vc=14.42=haa95532_5
  - vc14_runtime=14.42.34438=hfd919c2_26
  - vs2015_runtime=14.42.34438=h7142326_26
  - wheel=0.45.1=py310haa95532_0
  - win_inet_pton=1.1.0=pyh7428d3b_8
  - xz=5.6.4=h4754444_1
  - zlib=1.2.13=h8cc25b3_1
  - zstandard=0.23.0=py310ha8f682b_2